18577351147786256
18577351147786384
18577351147786512
18577351147786640
18577351147786768
18577351147786896
18577351147787024
18577351147787152
18577351147787280
18577351147787408
18577351147787536
18577351147787664
18577351147787792
18577351147787920
18577351147788048
18577351147788176
18579550171041808
18579550171041936
18579550171042064
18579550171042192
18579550171042320
18579550171042448
18579550171042576
18579550171042704
18579550171042832
18579550171042960
18579550171043088
18579550171043216
18579550171043344
18579550171043472
18579550171043600
18579550171043728
18581749194297360
18581749194297488
18581749194297616
18581749194297744
18581749194297872
18581749194298000
18581749194298128
18581749194298256
18581749194298384
18581749194298512
18581749194298640
18581749194298768
18581749194298896
18581749194299024
18581749194299152
18581749194299280
18583946070069264
18583946070069392
18583946070069520
18583946070069648
18583946070069776
18583946070069904
18583946070070032
18583946070070160
18583946606940176
18583946606940304
18583946606940432
18583946606940560
18583946606940688
18583946606940816
18583946606940944
18583946606941072
18583947143811088
18583947143811216
18583947143811344
18583947143811472
18583947143811600
18583947143811728
18583947143811856
18583947143811984
18583947680682000
18583947680682128
18583947680682256
18583947680682384
18583947680682512
18583947680682640
18583947680682768
18583947680682896
18583948217550864
18583948217550992
18583948217551120
18583948217551248
18583948217551376
18583948217551504
18583948217551632
18583948217551760
18583948217552912
18583948217553040
18583948217553168
18583948217553296
18583948217553424
18583948217553552
18583948217553680
18583948217553808
18583948217553936
18583948217554064
18583948217554192
18583948217554320
18583948217554448
18583948217554576
18583948217554704
18583948217554832
18586145093324816
18586145093324944
18586145093325072
18586145093325200
18586145093325328
18586145093325456
18586145093325584
18586145093325712
18586145630195728
18586145630195856
18586145630195984
18586145630196112
18586145630196240
18586145630196368
18586145630196496
18586145630196624
18586146167066640
18586146167066768
18586146167066896
18586146167067024
18586146167067152
18586146167067280
18586146167067408
18586146167067536
18586146703937552
18586146703937680
18586146703937808
18586146703937936
18586146703938064
18586146703938192
18586146703938320
18586146703938448
18586147240806416
18586147240806544
18586147240806672
18586147240806800
18586147240806928
18586147240807056
18586147240807184
18586147240807312
18586147240808464
18586147240808592
18586147240808720
18586147240808848
18586147240808976
18586147240809104
18586147240809232
18586147240809360
18586147240809488
18586147240809616
18586147240809744
18586147240809872
18586147240810000
18586147240810128
18586147240810256
18586147240810384
18616933566386192
18616933566386320
18616933566386448
18616933566386576
18616933566386704
18616933566386832
18616933566386960
18616933566387088
18616933566387216
18616933566387344
18616933566387472
18616933566387600
18616933566387728
18616933566387856
18616933566387984
18616933566388112
18619130442158096
18619130442158224
18619130442158352
18619130442158480
18619130442158608
18619130442158736
18619130442158864
18619130442158992
18619130979029008
18619130979029136
18619130979029264
18619130979029392
18619130979029520
18619130979029648
18619130979029776
18619130979029904
18619131515899920
18619131515900048
18619131515900176
18619131515900304
18619131515900432
18619131515900560
18619131515900688
18619131515900816
18619132052770832
18619132052770960
18619132052771088
18619132052771216
18619132052771344
18619132052771472
18619132052771600
18619132052771728
18619132589639696
18619132589639824
18619132589639952
18619132589640080
18619132589640208
18619132589640336
18619132589640464
18619132589640592
18619132589641744
18619132589641872
18619132589642000
18619132589642128
18619132589642256
18619132589642384
18619132589642512
18619132589642640
18619132589642768
18619132589642896
18619132589643024
18619132589643152
18619132589643280
18619132589643408
18619132589643536
18619132589643664
18621329465413648
18621329465413776
18621329465413904
18621329465414032
18621329465414160
18621329465414288
18621329465414416
18621329465414544
18621330002284560
18621330002284688
18621330002284816
18621330002284944
18621330002285072
18621330002285200
18621330002285328
18621330002285456
18621330539155472
18621330539155600
18621330539155728
18621330539155856
18621330539155984
18621330539156112
18621330539156240
18621330539156368
18621331076026384
18621331076026512
18621331076026640
18621331076026768
18621331076026896
18621331076027024
18621331076027152
18621331076027280
18621331612895248
18621331612895376
18621331612895504
18621331612895632
18621331612895760
18621331612895888
18621331612896016
18621331612896144
18621331612897296
18621331612897424
18621331612897552
18621331612897680
18621331612897808
18621331612897936
18621331612898064
18621331612898192
18621331612898320
18621331612898448
18621331612898576
18621331612898704
18621331612898832
18621331612898960
18621331612899088
18621331612899216
18718088636141584
18718088636141712
18718088636141840
18718088636141968
18718088636142096
18718088636142224
18718088636142352
18718088636142480
18718088636142608
18718088636142736
18718088636142864
18718088636142992
18718088636143120
18718088636143248
18718088636143376
18718088636143504
18720287659397136
18720287659397264
18720287659397392
18720287659397520
18720287659397648
18720287659397776
18720287659397904
18720287659398032
18720287659398160
18720287659398288
18720287659398416
18720287659398544
18720287659398672
18720287659398800
18720287659398928
18720287659399056
18722486682652688
18722486682652816
18722486682652944
18722486682653072
18722486682653200
18722486682653328
18722486682653456
18722486682653584
18722486682653712
18722486682653840
18722486682653968
18722486682654096
18722486682654224
18722486682654352
18722486682654480
18722486682654608
18724683558424592
18724683558424720
18724683558424848
18724683558424976
18724683558425104
18724683558425232
18724683558425360
18724683558425488
18724684095295504
18724684095295632
18724684095295760
18724684095295888
18724684095296016
18724684095296144
18724684095296272
18724684095296400
18724684632166416
18724684632166544
18724684632166672
18724684632166800
18724684632166928
18724684632167056
18724684632167184
18724684632167312
18724685169037328
18724685169037456
18724685169037584
18724685169037712
18724685169037840
18724685169037968
18724685169038096
18724685169038224
18724685705906192
18724685705906320
18724685705906448
18724685705906576
18724685705906704
18724685705906832
18724685705906960
18724685705907088
18724685705908240
18724685705908368
18724685705908496
18724685705908624
18724685705908752
18724685705908880
18724685705909008
18724685705909136
18724685705909264
18724685705909392
18724685705909520
18724685705909648
18724685705909776
18724685705909904
18724685705910032
18724685705910160
18726882581680144
18726882581680272
18726882581680400
18726882581680528
18726882581680656
18726882581680784
18726882581680912
18726882581681040
18726883118551056
18726883118551184
18726883118551312
18726883118551440
18726883118551568
18726883118551696
18726883118551824
18726883118551952
18726883655421968
18726883655422096
18726883655422224
18726883655422352
18726883655422480
18726883655422608
18726883655422736
18726883655422864
18726884192292880
18726884192293008
18726884192293136
18726884192293264
18726884192293392
18726884192293520
18726884192293648
18726884192293776
18726884729161744
18726884729161872
18726884729162000
18726884729162128
18726884729162256
18726884729162384
18726884729162512
18726884729162640
18726884729163792
18726884729163920
18726884729164048
18726884729164176
18726884729164304
18726884729164432
18726884729164560
18726884729164688
18726884729164816
18726884729164944
18726884729165072
18726884729165200
18726884729165328
18726884729165456
18726884729165584
18726884729165712
18757671054741520
18757671054741648
18757671054741776
18757671054741904
18757671054742032
18757671054742160
18757671054742288
18757671054742416
18757671054742544
18757671054742672
18757671054742800
18757671054742928
18757671054743056
18757671054743184
18757671054743312
18757671054743440
18759867930513424
18759867930513552
18759867930513680
18759867930513808
18759867930513936
18759867930514064
18759867930514192
18759867930514320
18759868467384336
18759868467384464
18759868467384592
18759868467384720
18759868467384848
18759868467384976
18759868467385104
18759868467385232
18759869004255248
18759869004255376
18759869004255504
18759869004255632
18759869004255760
18759869004255888
18759869004256016
18759869004256144
18759869541126160
18759869541126288
18759869541126416
18759869541126544
18759869541126672
18759869541126800
18759869541126928
18759869541127056
18759870077995024
18759870077995152
18759870077995280
18759870077995408
18759870077995536
18759870077995664
18759870077995792
18759870077995920
18759870077997072
18759870077997200
18759870077997328
18759870077997456
18759870077997584
18759870077997712
18759870077997840
18759870077997968
18759870077998096
18759870077998224
18759870077998352
18759870077998480
18759870077998608
18759870077998736
18759870077998864
18759870077998992
18762066953768976
18762066953769104
18762066953769232
18762066953769360
18762066953769488
18762066953769616
18762066953769744
18762066953769872
18762067490639888
18762067490640016
18762067490640144
18762067490640272
18762067490640400
18762067490640528
18762067490640656
18762067490640784
18762068027510800
18762068027510928
18762068027511056
18762068027511184
18762068027511312
18762068027511440
18762068027511568
18762068027511696
18762068564381712
18762068564381840
18762068564381968
18762068564382096
18762068564382224
18762068564382352
18762068564382480
18762068564382608
18762069101250576
18762069101250704
18762069101250832
18762069101250960
18762069101251088
18762069101251216
18762069101251344
18762069101251472
18762069101252624
18762069101252752
18762069101252880
18762069101253008
18762069101253136
18762069101253264
18762069101253392
18762069101253520
18762069101253648
18762069101253776
18762069101253904
18762069101254032
18762069101254160
18762069101254288
18762069101254416
18762069101254544
19140300027465764
19140300027465890
19140300027466020
19140300027466146
19140300027466148
19140300027466276
19140300027466402
19140300027466532
19140300027466658
19140300027466660
19140300027466788
19140300027466914
19140300027467044
19140300027467170
19140300027467172
19140300027467300
19140300027467426
19140300027467556
19140300027467682
19140300027467684
19140300564336676
19140300564336802
19140300564336932
19140300564337058
19140300564337060
19140300564337188
19140300564337314
19140300564337444
19140300564337570
19140300564337572
19140300564337700
19140300564337826
19140300564337956
19140300564338082
19140300564338084
19140300564338212
19140300564338338
19140300564338468
19140300564338594
19140300564338596
19140301101207588
19140301101207714
19140301101207844
19140301101207970
19140301101207972
19140301101208100
19140301101208226
19140301101208356
19140301101208482
19140301101208484
19140301101208612
19140301101208738
19140301101208868
19140301101208994
19140301101208996
19140301101209124
19140301101209250
19140301101209380
19140301101209506
19140301101209508
19146896023490592
19146896023490720
19146896023490848
19146896023490976
19146896023491104
19146896023491232
19146896023491360
19146896023491488
19146896560361504
19146896560361632
19146896560361760
19146896560361888
19146896560362016
19146896560362144
19146896560362272
19146896560362400
19146897097232416
19146897097232544
19146897097232672
19146897097232800
19146897097232928
19146897097233056
19146897097233184
19146897097233312
19146897634103328
19146897634103456
19146897634103584
19146897634103712
19146897634103840
19146897634103968
19146897634104096
19146897634104224
19146898170974240
19146898170974368
19146898170974496
19146898170974624
19146898170974752
19146898170974880
19146898170975008
19146898170975136
19149095046746144
19149095046746272
19149095046746400
19149095046746528
19149095046746656
19149095046746784
19149095046746912
19149095046747040
19149095583617056
19149095583617184
19149095583617312
19149095583617440
19149095583617568
19149095583617696
19149095583617824
19149095583617952
19149096120487968
19149096120488096
19149096120488224
19149096120488352
19149096120488480
19149096120488608
19149096120488736
19149096120488864
19149096657358880
19149096657359008
19149096657359136
19149096657359264
19149096657359392
19149096657359520
19149096657359648
19149096657359776
19149097194229792
19149097194229920
19149097194230048
19149097194230176
19149097194230304
19149097194230432
19149097194230560
19149097194230688
19179882446066084
19179882446066596
19179882446067108
19179882446067620
19179882982936996
19179882982937508
19179882982938020
19179882982938532
19179883519807908
19179883519808420
19179883519808932
19179883519809444
19182080395579424
19182080395579552
19182080395579680
19182080395579808
19182080395579936
19182080395580064
19182080395580192
19182080395580320
19182080932450336
19182080932450464
19182080932450592
19182080932450720
19182080932450848
19182080932450976
19182080932451104
19182080932451232
19182081469321248
19182081469321376
19182081469321504
19182081469321632
19182081469321760
19182081469321888
19182081469322016
19182081469322144
19182082006192160
19182082006192288
19182082006192416
19182082006192544
19182082006192672
19182082006192800
19182082006192928
19182082006193056
19182082543063072
19182082543063200
19182082543063328
19182082543063456
19182082543063584
19182082543063712
19182082543063840
19182082543063968
19184279418834976
19184279418835104
19184279418835108
19184279418835232
19184279418835360
19184279418835364
19184279418835488
19184279418835616
19184279418835620
19184279418835744
19184279418835872
19184279418835876
19184279955705888
19184279955706016
19184279955706020
19184279955706144
19184279955706272
19184279955706276
19184279955706400
19184279955706528
19184279955706532
19184279955706656
19184279955706784
19184279955706788
19184280492576800
19184280492576928
19184280492576932
19184280492577056
19184280492577184
19184280492577188
19184280492577312
19184280492577440
19184280492577444
19184280492577568
19184280492577696
19184280492577700
19184280492578212
19184280492578724
19184281029447712
19184281029447840
19184281029447844
19184281029447968
19184281029448096
19184281029448100
19184281029448224
19184281029448352
19184281029448356
19184281029448480
19184281029448608
19184281029448612
19184281029449124
19184281029449636
19184281566318624
19184281566318752
19184281566318756
19184281566318880
19184281566319008
19184281566319012
19184281566319136
19184281566319264
19184281566319268
19184281566319392
19184281566319520
19184281566319524
19184281566320036
19184281566320548
19210667697901730
19210667697901986
19210667697902242
19210667697902498
19210667697902754
19210667697903010
19210667697903266
19210667697903522
19210668234772642
19210668234772898
19210668234773154
19210668234773410
19210668234773666
19210668234773922
19210668234774178
19210668234774434
19210668771643554
19210668771643810
19210668771644066
19210668771644322
19210668771644578
19210668771644834
19210668771645090
19210668771645346
19210669308514466
19210669308514722
19210669308514978
19210669308515234
19210669308515490
19210669308515746
19210669308516002
19210669308516258
19210669845385378
19210669845385634
19210669845385890
19210669845386146
19210669845386402
19210669845386658
19210669845386914
19210669845387170
19281037515821092
19281037515821218
19281037515821348
19281037515821474
19281037515821476
19281037515821604
19281037515821730
19281037515821860
19281037515821986
19281037515821988
19281037515822116
19281037515822242
19281037515822372
19281037515822498
19281037515822500
19281037515822628
19281037515822754
19281037515822884
19281037515823010
19281037515823012
19281038052692004
19281038052692130
19281038052692260
19281038052692386
19281038052692388
19281038052692516
19281038052692642
19281038052692772
19281038052692898
19281038052692900
19281038052693028
19281038052693154
19281038052693284
19281038052693410
19281038052693412
19281038052693540
19281038052693666
19281038052693796
19281038052693922
19281038052693924
19281038589562916
19281038589563042
19281038589563172
19281038589563298
19281038589563300
19281038589563428
19281038589563554
19281038589563684
19281038589563810
19281038589563812
19281038589563940
19281038589564066
19281038589564196
19281038589564322
19281038589564324
19281038589564452
19281038589564578
19281038589564708
19281038589564834
19281038589564836
19287633511845920
19287633511846048
19287633511846176
19287633511846304
19287633511846432
19287633511846560
19287633511846688
19287633511846816
19287634048716832
19287634048716960
19287634048717088
19287634048717216
19287634048717344
19287634048717472
19287634048717600
19287634048717728
19287634585587744
19287634585587872
19287634585588000
19287634585588128
19287634585588256
19287634585588384
19287634585588512
19287634585588640
19287635122458656
19287635122458784
19287635122458912
19287635122459040
19287635122459168
19287635122459296
19287635122459424
19287635122459552
19287635659329568
19287635659329696
19287635659329824
19287635659329952
19287635659330080
19287635659330208
19287635659330336
19287635659330464
19289832535101472
19289832535101600
19289832535101728
19289832535101856
19289832535101984
19289832535102112
19289832535102240
19289832535102368
19289833071972384
19289833071972512
19289833071972640
19289833071972768
19289833071972896
19289833071973024
19289833071973152
19289833071973280
19289833608843296
19289833608843424
19289833608843552
19289833608843680
19289833608843808
19289833608843936
19289833608844064
19289833608844192
19289834145714208
19289834145714336
19289834145714464
19289834145714592
19289834145714720
19289834145714848
19289834145714976
19289834145715104
19289834682585120
19289834682585248
19289834682585376
19289834682585504
19289834682585632
19289834682585760
19289834682585888
19289834682586016
19320619934421412
19320619934421924
19320619934422436
19320619934422948
19320620471292324
19320620471292836
19320620471293348
19320620471293860
19320621008163236
19320621008163748
19320621008164260
19320621008164772
19322817883934752
19322817883934880
19322817883935008
19322817883935136
19322817883935264
19322817883935392
19322817883935520
19322817883935648
19322818420805664
19322818420805792
19322818420805920
19322818420806048
19322818420806176
19322818420806304
19322818420806432
19322818420806560
19322818957676576
19322818957676704
19322818957676832
19322818957676960
19322818957677088
19322818957677216
19322818957677344
19322818957677472
19322819494547488
19322819494547616
19322819494547744
19322819494547872
19322819494548000
19322819494548128
19322819494548256
19322819494548384
19322820031418400
19322820031418528
19322820031418656
19322820031418784
19322820031418912
19322820031419040
19322820031419168
19322820031419296
19325016907190304
19325016907190432
19325016907190436
19325016907190560
19325016907190688
19325016907190692
19325016907190816
19325016907190944
19325016907190948
19325016907191072
19325016907191200
19325016907191204
19325017444061216
19325017444061344
19325017444061348
19325017444061472
19325017444061600
19325017444061604
19325017444061728
19325017444061856
19325017444061860
19325017444061984
19325017444062112
19325017444062116
19325017980932128
19325017980932256
19325017980932260
19325017980932384
19325017980932512
19325017980932516
19325017980932640
19325017980932768
19325017980932772
19325017980932896
19325017980933024
19325017980933028
19325017980933540
19325017980934052
19325018517803040
19325018517803168
19325018517803172
19325018517803296
19325018517803424
19325018517803428
19325018517803552
19325018517803680
19325018517803684
19325018517803808
19325018517803936
19325018517803940
19325018517804452
19325018517804964
19325019054673952
19325019054674080
19325019054674084
19325019054674208
19325019054674336
19325019054674340
19325019054674464
19325019054674592
19325019054674596
19325019054674720
19325019054674848
19325019054674852
19325019054675364
19325019054675876
19351405186256930
19351405186257058
19351405186257186
19351405186257314
19351405186257442
19351405186257570
19351405186257698
19351405186257826
19351405186257954
19351405186258082
19351405186258210
19351405186258338
19351405186258466
19351405186258594
19351405186258722
19351405186258850
19351405723127842
19351405723127970
19351405723128098
19351405723128226
19351405723128354
19351405723128482
19351405723128610
19351405723128738
19351405723128866
19351405723128994
19351405723129122
19351405723129250
19351405723129378
19351405723129506
19351405723129634
19351405723129762
19351406259998754
19351406259998882
19351406259999010
19351406259999138
19351406259999266
19351406259999394
19351406259999522
19351406259999650
19351406259999778
19351406259999906
19351406260000034
19351406260000162
19351406260000290
19351406260000418
19351406260000546
19351406260000674
19351406796869666
19351406796869794
19351406796869922
19351406796870050
19351406796870178
19351406796870306
19351406796870434
19351406796870562
19351406796870690
19351406796870818
19351406796870946
19351406796871074
19351406796871202
19351406796871330
19351406796871458
19351406796871586
19351407333740578
19351407333740706
19351407333740834
19351407333740962
19351407333741090
19351407333741218
19351407333741346
19351407333741474
19351407333741602
19351407333741730
19351407333741858
19351407333741986
19351407333742114
19351407333742242
19351407333742370
19351407333742498
19421773930434594
19421773930434722
19421773930434850
19421773930434978
19421773930435106
19421773930435234
19421773930435362
19421773930435490
19421773930435618
19421773930435746
19421773930435874
19421773930436002
19421773930436130
19421773930436258
19421773930436386
19421773930436514
19421774467305506
19421774467305634
19421774467305762
19421774467305890
19421774467306018
19421774467306146
19421774467306274
19421774467306402
19421774467306530
19421774467306658
19421774467306786
19421774467306914
19421774467307042
19421774467307170
19421774467307298
19421774467307426
19421775004176418
19421775004176546
19421775004176674
19421775004176802
19421775004176930
19421775004177058
19421775004177186
19421775004177314
19421775004177442
19421775004177570
19421775004177698
19421775004177826
19421775004177954
19421775004178082
19421775004178210
19421775004178338
19421775541047330
19421775541047458
19421775541047586
19421775541047714
19421775541047842
19421775541047970
19421775541048098
19421775541048226
19421775541048354
19421775541048482
19421775541048610
19421775541048738
19421775541048866
19421775541048994
19421775541049122
19421775541049250
19421776077918242
19421776077918370
19421776077918498
19421776077918626
19421776077918754
19421776077918882
19421776077919010
19421776077919138
19421776077919266
19421776077919394
19421776077919522
19421776077919650
19421776077919778
19421776077919906
19421776077920034
19421776077920162
19492142674612258
19492142674612386
19492142674612514
19492142674612642
19492142674612770
19492142674612898
19492142674613026
19492142674613154
19492142674613282
19492142674613410
19492142674613538
19492142674613666
19492142674613794
19492142674613922
19492142674614050
19492142674614178
19492143211483170
19492143211483298
19492143211483426
19492143211483554
19492143211483682
19492143211483810
19492143211483938
19492143211484066
19492143211484194
19492143211484322
19492143211484450
19492143211484578
19492143211484706
19492143211484834
19492143211484962
19492143211485090
19492143748354082
19492143748354210
19492143748354338
19492143748354466
19492143748354594
19492143748354722
19492143748354850
19492143748354978
19492143748355106
19492143748355234
19492143748355362
19492143748355490
19492143748355618
19492143748355746
19492143748355874
19492143748356002
19492144285224994
19492144285225122
19492144285225250
19492144285225378
19492144285225506
19492144285225634
19492144285225762
19492144285225890
19492144285226018
19492144285226146
19492144285226274
19492144285226402
19492144285226530
19492144285226658
19492144285226786
19492144285226914
19492144822095906
19492144822096034
19492144822096162
19492144822096290
19492144822096418
19492144822096546
19492144822096674
19492144822096802
19492144822096930
19492144822097058
19492144822097186
19492144822097314
19492144822097442
19492144822097570
19492144822097698
19492144822097826
19562511418789922
19562511418790050
19562511418790178
19562511418790306
19562511418790434
19562511418790562
19562511418790690
19562511418790818
19562511418790946
19562511418791074
19562511418791202
19562511418791330
19562511418791458
19562511418791586
19562511418791714
19562511418791842
19562511955660834
19562511955660962
19562511955661090
19562511955661218
19562511955661346
19562511955661474
19562511955661602
19562511955661730
19562511955661858
19562511955661986
19562511955662114
19562511955662242
19562511955662370
19562511955662498
19562511955662626
19562511955662754
19562512492531874
19562512492532130
19562512492532386
19562512492532642
19562512492532898
19562512492533154
19562512492533410
19562512492533666
19562513029402658
19562513029402786
19562513029402914
19562513029403042
19562513029403170
19562513029403298
19562513029403426
19562513029403554
19562513029403682
19562513029403810
19562513029403938
19562513029404066
19562513029404194
19562513029404322
19562513029404450
19562513029404578
19562513566273570
19562513566273698
19562513566273826
19562513566273954
19562513566274082
19562513566274210
19562513566274338
19562513566274466
19562513566274594
19562513566274722
19562513566274850
19562513566274978
19562513566275106
19562513566275234
19562513566275362
19562513566275490
19569109562298400
19569109562298528
19569109562298656
19569109562298784
19569109562298912
19569109562299040
19569109562299168
19569109562299296
19571308585553952
19571308585554080
19571308585554208
19571308585554336
19571308585554464
19571308585554592
19571308585554720
19571308585554848
19604293934387232
19604293934387360
19604293934387488
19604293934387616
19604293934387744
19604293934387872
19604293934388000
19604293934388128
19606492957642784
19606492957642912
19606492957643040
19606492957643168
19606492957643296
19606492957643424
19606492957643552
19606492957643680
19632880162967586
19632880162967714
19632880162967842
19632880162967970
19632880162968098
19632880162968226
19632880162968354
19632880162968482
19632880162968610
19632880162968738
19632880162968866
19632880162968994
19632880162969122
19632880162969250
19632880162969378
19632880162969506
19632880699838498
19632880699838626
19632880699838754
19632880699838882
19632880699839010
19632880699839138
19632880699839266
19632880699839394
19632880699839522
19632880699839650
19632880699839778
19632880699839906
19632880699840034
19632880699840162
19632880699840290
19632880699840418
19632881236709410
19632881236709538
19632881236709666
19632881236709794
19632881236709922
19632881236710050
19632881236710178
19632881236710306
19632881236710434
19632881236710562
19632881236710690
19632881236710818
19632881236710946
19632881236711074
19632881236711202
19632881236711330
19632881773580322
19632881773580450
19632881773580578
19632881773580706
19632881773580834
19632881773580962
19632881773581090
19632881773581218
19632881773581346
19632881773581474
19632881773581602
19632881773581730
19632881773581858
19632881773581986
19632881773582114
19632881773582242
19632882310451234
19632882310451362
19632882310451490
19632882310451618
19632882310451746
19632882310451874
19632882310452002
19632882310452130
19632882310452258
19632882310452386
19632882310452514
19632882310452642
19632882310452770
19632882310452898
19632882310453026
19632882310453154
19703249980887092
19703249980887218
19703249980887348
19703249980887474
19703249980887476
19703249980887604
19703249980887730
19703249980887860
19703249980887986
19703249980887988
19703249980888116
19703249980888242
19703249980888372
19703249980888498
19703249980888500
19703249980888628
19703249980888754
19703249980888884
19703249980889010
19703249980889012
19703250517758004
19703250517758130
19703250517758260
19703250517758386
19703250517758388
19703250517758516
19703250517758642
19703250517758772
19703250517758898
19703250517758900
19703250517759028
19703250517759154
19703250517759284
19703250517759410
19703250517759412
19703250517759540
19703250517759666
19703250517759796
19703250517759922
19703250517759924
19703251054628916
19703251054629042
19703251054629172
19703251054629298
19703251054629300
19703251054629428
19703251054629554
19703251054629684
19703251054629810
19703251054629812
19703251054629940
19703251054630066
19703251054630196
19703251054630322
19703251054630324
19703251054630452
19703251054630578
19703251054630708
19703251054630834
19703251054630836
19709845976911920
19709845976912048
19709845976912176
19709845976912304
19709845976912432
19709845976912560
19709845976912688
19709845976912816
19709846513782832
19709846513782960
19709846513783088
19709846513783216
19709846513783344
19709846513783472
19709846513783600
19709846513783728
19709847050653744
19709847050653872
19709847050654000
19709847050654128
19709847050654256
19709847050654384
19709847050654512
19709847050654640
19709847587524656
19709847587524784
19709847587524912
19709847587525040
19709847587525168
19709847587525296
19709847587525424
19709847587525552
19709848124395568
19709848124395696
19709848124395824
19709848124395952
19709848124396080
19709848124396208
19709848124396336
19709848124396464
19712045000167472
19712045000167600
19712045000167728
19712045000167856
19712045000167984
19712045000168112
19712045000168240
19712045000168368
19712045537038384
19712045537038512
19712045537038640
19712045537038768
19712045537038896
19712045537039024
19712045537039152
19712045537039280
19712046073909296
19712046073909424
19712046073909552
19712046073909680
19712046073909808
19712046073909936
19712046073910064
19712046073910192
19712046610780208
19712046610780336
19712046610780464
19712046610780592
19712046610780720
19712046610780848
19712046610780976
19712046610781104
19712047147651120
19712047147651248
19712047147651376
19712047147651504
19712047147651632
19712047147651760
19712047147651888
19712047147652016
19742832399487412
19742832399487924
19742832399488436
19742832399488948
19742832936358324
19742832936358836
19742832936359348
19742832936359860
19742833473229236
19742833473229748
19742833473230260
19742833473230772
19745030349000752
19745030349000880
19745030349001008
19745030349001136
19745030349001264
19745030349001392
19745030349001520
19745030349001648
19745030885871664
19745030885871792
19745030885871920
19745030885872048
19745030885872176
19745030885872304
19745030885872432
19745030885872560
19745031422742576
19745031422742704
19745031422742832
19745031422742960
19745031422743088
19745031422743216
19745031422743344
19745031422743472
19745031959613488
19745031959613616
19745031959613744
19745031959613872
19745031959614000
19745031959614128
19745031959614256
19745031959614384
19745032496484400
19745032496484528
19745032496484656
19745032496484784
19745032496484912
19745032496485040
19745032496485168
19745032496485296
19747229372256304
19747229372256432
19747229372256436
19747229372256560
19747229372256688
19747229372256692
19747229372256816
19747229372256944
19747229372256948
19747229372257072
19747229372257200
19747229372257204
19747229909127216
19747229909127344
19747229909127348
19747229909127472
19747229909127600
19747229909127604
19747229909127728
19747229909127856
19747229909127860
19747229909127984
19747229909128112
19747229909128116
19747230445998128
19747230445998256
19747230445998260
19747230445998384
19747230445998512
19747230445998516
19747230445998640
19747230445998768
19747230445998772
19747230445998896
19747230445999024
19747230445999028
19747230445999540
19747230446000052
19747230982869040
19747230982869168
19747230982869172
19747230982869296
19747230982869424
19747230982869428
19747230982869552
19747230982869680
19747230982869684
19747230982869808
19747230982869936
19747230982869940
19747230982870452
19747230982870964
19747231519739952
19747231519740080
19747231519740084
19747231519740208
19747231519740336
19747231519740340
19747231519740464
19747231519740592
19747231519740596
19747231519740720
19747231519740848
19747231519740852
19747231519741364
19747231519741876
19773617651323058
19773617651323314
19773617651323570
19773617651323826
19773617651324082
19773617651324338
19773617651324594
19773617651324850
19773618188193970
19773618188194226
19773618188194482
19773618188194738
19773618188194994
19773618188195250
19773618188195506
19773618188195762
19773618725064882
19773618725065138
19773618725065394
19773618725065650
19773618725065906
19773618725066162
19773618725066418
19773618725066674
19773619261935794
19773619261936050
19773619261936306
19773619261936562
19773619261936818
19773619261937074
19773619261937330
19773619261937586
19773619798806706
19773619798806962
19773619798807218
19773619798807474
19773619798807730
19773619798807986
19773619798808242
19773619798808498
19843987469242420
19843987469242546
19843987469242676
19843987469242802
19843987469242804
19843987469242932
19843987469243058
19843987469243188
19843987469243314
19843987469243316
19843987469243444
19843987469243570
19843987469243700
19843987469243826
19843987469243828
19843987469243956
19843987469244082
19843987469244212
19843987469244338
19843987469244340
19843988006113332
19843988006113458
19843988006113588
19843988006113714
19843988006113716
19843988006113844
19843988006113970
19843988006114100
19843988006114226
19843988006114228
19843988006114356
19843988006114482
19843988006114612
19843988006114738
19843988006114740
19843988006114868
19843988006114994
19843988006115124
19843988006115250
19843988006115252
19843988542984244
19843988542984370
19843988542984500
19843988542984626
19843988542984628
19843988542984756
19843988542984882
19843988542985012
19843988542985138
19843988542985140
19843988542985268
19843988542985394
19843988542985524
19843988542985650
19843988542985652
19843988542985780
19843988542985906
19843988542986036
19843988542986162
19843988542986164
19850583465267248
19850583465267376
19850583465267504
19850583465267632
19850583465267760
19850583465267888
19850583465268016
19850583465268144
19850584002138160
19850584002138288
19850584002138416
19850584002138544
19850584002138672
19850584002138800
19850584002138928
19850584002139056
19850584539009072
19850584539009200
19850584539009328
19850584539009456
19850584539009584
19850584539009712
19850584539009840
19850584539009968
19850585075879984
19850585075880112
19850585075880240
19850585075880368
19850585075880496
19850585075880624
19850585075880752
19850585075880880
19850585612750896
19850585612751024
19850585612751152
19850585612751280
19850585612751408
19850585612751536
19850585612751664
19850585612751792
19852782488522800
19852782488522928
19852782488523056
19852782488523184
19852782488523312
19852782488523440
19852782488523568
19852782488523696
19852783025393712
19852783025393840
19852783025393968
19852783025394096
19852783025394224
19852783025394352
19852783025394480
19852783025394608
19852783562264624
19852783562264752
19852783562264880
19852783562265008
19852783562265136
19852783562265264
19852783562265392
19852783562265520
19852784099135536
19852784099135664
19852784099135792
19852784099135920
19852784099136048
19852784099136176
19852784099136304
19852784099136432
19852784636006448
19852784636006576
19852784636006704
19852784636006832
19852784636006960
19852784636007088
19852784636007216
19852784636007344
19883569887842740
19883569887843252
19883569887843764
19883569887844276
19883570424713652
19883570424714164
19883570424714676
19883570424715188
19883570961584564
19883570961585076
19883570961585588
19883570961586100
19885767837356080
19885767837356208
19885767837356336
19885767837356464
19885767837356592
19885767837356720
19885767837356848
19885767837356976
19885768374226992
19885768374227120
19885768374227248
19885768374227376
19885768374227504
19885768374227632
19885768374227760
19885768374227888
19885768911097904
19885768911098032
19885768911098160
19885768911098288
19885768911098416
19885768911098544
19885768911098672
19885768911098800
19885769447968816
19885769447968944
19885769447969072
19885769447969200
19885769447969328
19885769447969456
19885769447969584
19885769447969712
19885769984839728
19885769984839856
19885769984839984
19885769984840112
19885769984840240
19885769984840368
19885769984840496
19885769984840624
19887966860611632
19887966860611760
19887966860611764
19887966860611888
19887966860612016
19887966860612020
19887966860612144
19887966860612272
19887966860612276
19887966860612400
19887966860612528
19887966860612532
19887967397482544
19887967397482672
19887967397482676
19887967397482800
19887967397482928
19887967397482932
19887967397483056
19887967397483184
19887967397483188
19887967397483312
19887967397483440
19887967397483444
19887967934353456
19887967934353584
19887967934353588
19887967934353712
19887967934353840
19887967934353844
19887967934353968
19887967934354096
19887967934354100
19887967934354224
19887967934354352
19887967934354356
19887967934354868
19887967934355380
19887968471224368
19887968471224496
19887968471224500
19887968471224624
19887968471224752
19887968471224756
19887968471224880
19887968471225008
19887968471225012
19887968471225136
19887968471225264
19887968471225268
19887968471225780
19887968471226292
19887969008095280
19887969008095408
19887969008095412
19887969008095536
19887969008095664
19887969008095668
19887969008095792
19887969008095920
19887969008095924
19887969008096048
19887969008096176
19887969008096180
19887969008096692
19887969008097204
19914355139678258
19914355139678386
19914355139678514
19914355139678642
19914355139678770
19914355139678898
19914355139679026
19914355139679154
19914355139679282
19914355139679410
19914355139679538
19914355139679666
19914355139679794
19914355139679922
19914355139680050
19914355139680178
19914355676549170
19914355676549298
19914355676549426
19914355676549554
19914355676549682
19914355676549810
19914355676549938
19914355676550066
19914355676550194
19914355676550322
19914355676550450
19914355676550578
19914355676550706
19914355676550834
19914355676550962
19914355676551090
19914356213420082
19914356213420210
19914356213420338
19914356213420466
19914356213420594
19914356213420722
19914356213420850
19914356213420978
19914356213421106
19914356213421234
19914356213421362
19914356213421490
19914356213421618
19914356213421746
19914356213421874
19914356213422002
19914356750290994
19914356750291122
19914356750291250
19914356750291378
19914356750291506
19914356750291634
19914356750291762
19914356750291890
19914356750292018
19914356750292146
19914356750292274
19914356750292402
19914356750292530
19914356750292658
19914356750292786
19914356750292914
19914357287161906
19914357287162034
19914357287162162
19914357287162290
19914357287162418
19914357287162546
19914357287162674
19914357287162802
19914357287162930
19914357287163058
19914357287163186
19914357287163314
19914357287163442
19914357287163570
19914357287163698
19914357287163826
19984723883855922
19984723883856050
19984723883856178
19984723883856306
19984723883856434
19984723883856562
19984723883856690
19984723883856818
19984723883856946
19984723883857074
19984723883857202
19984723883857330
19984723883857458
19984723883857586
19984723883857714
19984723883857842
19984724420726834
19984724420726962
19984724420727090
19984724420727218
19984724420727346
19984724420727474
19984724420727602
19984724420727730
19984724420727858
19984724420727986
19984724420728114
19984724420728242
19984724420728370
19984724420728498
19984724420728626
19984724420728754
19984724957597746
19984724957597874
19984724957598002
19984724957598130
19984724957598258
19984724957598386
19984724957598514
19984724957598642
19984724957598770
19984724957598898
19984724957599026
19984724957599154
19984724957599282
19984724957599410
19984724957599538
19984724957599666
19984725494468658
19984725494468786
19984725494468914
19984725494469042
19984725494469170
19984725494469298
19984725494469426
19984725494469554
19984725494469682
19984725494469810
19984725494469938
19984725494470066
19984725494470194
19984725494470322
19984725494470450
19984725494470578
19984726031339570
19984726031339698
19984726031339826
19984726031339954
19984726031340082
19984726031340210
19984726031340338
19984726031340466
19984726031340594
19984726031340722
19984726031340850
19984726031340978
19984726031341106
19984726031341234
19984726031341362
19984726031341490
20055092628033586
20055092628033714
20055092628033842
20055092628033970
20055092628034098
20055092628034226
20055092628034354
20055092628034482
20055092628034610
20055092628034738
20055092628034866
20055092628034994
20055092628035122
20055092628035250
20055092628035378
20055092628035506
20055093164904498
20055093164904626
20055093164904754
20055093164904882
20055093164905010
20055093164905138
20055093164905266
20055093164905394
20055093164905522
20055093164905650
20055093164905778
20055093164905906
20055093164906034
20055093164906162
20055093164906290
20055093164906418
20055093701775410
20055093701775538
20055093701775666
20055093701775794
20055093701775922
20055093701776050
20055093701776178
20055093701776306
20055093701776434
20055093701776562
20055093701776690
20055093701776818
20055093701776946
20055093701777074
20055093701777202
20055093701777330
20055094238646322
20055094238646450
20055094238646578
20055094238646706
20055094238646834
20055094238646962
20055094238647090
20055094238647218
20055094238647346
20055094238647474
20055094238647602
20055094238647730
20055094238647858
20055094238647986
20055094238648114
20055094238648242
20055094775517234
20055094775517362
20055094775517490
20055094775517618
20055094775517746
20055094775517874
20055094775518002
20055094775518130
20055094775518258
20055094775518386
20055094775518514
20055094775518642
20055094775518770
20055094775518898
20055094775519026
20055094775519154
20125461372211250
20125461372211378
20125461372211506
20125461372211634
20125461372211762
20125461372211890
20125461372212018
20125461372212146
20125461372212274
20125461372212402
20125461372212530
20125461372212658
20125461372212786
20125461372212914
20125461372213042
20125461372213170
20125461909082162
20125461909082290
20125461909082418
20125461909082546
20125461909082674
20125461909082802
20125461909082930
20125461909083058
20125461909083186
20125461909083314
20125461909083442
20125461909083570
20125461909083698
20125461909083826
20125461909083954
20125461909084082
20125462445953202
20125462445953458
20125462445953714
20125462445953970
20125462445954226
20125462445954482
20125462445954738
20125462445954994
20125462982823986
20125462982824114
20125462982824242
20125462982824370
20125462982824498
20125462982824626
20125462982824754
20125462982824882
20125462982825010
20125462982825138
20125462982825266
20125462982825394
20125462982825522
20125462982825650
20125462982825778
20125462982825906
20125463519694898
20125463519695026
20125463519695154
20125463519695282
20125463519695410
20125463519695538
20125463519695666
20125463519695794
20125463519695922
20125463519696050
20125463519696178
20125463519696306
20125463519696434
20125463519696562
20125463519696690
20125463519696818
20132059515719728
20132059515719856
20132059515719984
20132059515720112
20132059515720240
20132059515720368
20132059515720496
20132059515720624
20134258538975280
20134258538975408
20134258538975536
20134258538975664
20134258538975792
20134258538975920
20134258538976048
20134258538976176
20167243887808560
20167243887808688
20167243887808816
20167243887808944
20167243887809072
20167243887809200
20167243887809328
20167243887809456
20169442911064112
20169442911064240
20169442911064368
20169442911064496
20169442911064624
20169442911064752
20169442911064880
20169442911065008
20195830116388914
20195830116389042
20195830116389170
20195830116389298
20195830116389426
20195830116389554
20195830116389682
20195830116389810
20195830116389938
20195830116390066
20195830116390194
20195830116390322
20195830116390450
20195830116390578
20195830116390706
20195830116390834
20195830653259826
20195830653259954
20195830653260082
20195830653260210
20195830653260338
20195830653260466
20195830653260594
20195830653260722
20195830653260850
20195830653260978
20195830653261106
20195830653261234
20195830653261362
20195830653261490
20195830653261618
20195830653261746
20195831190130738
20195831190130866
20195831190130994
20195831190131122
20195831190131250
20195831190131378
20195831190131506
20195831190131634
20195831190131762
20195831190131890
20195831190132018
20195831190132146
20195831190132274
20195831190132402
20195831190132530
20195831190132658
20195831727001650
20195831727001778
20195831727001906
20195831727002034
20195831727002162
20195831727002290
20195831727002418
20195831727002546
20195831727002674
20195831727002802
20195831727002930
20195831727003058
20195831727003186
20195831727003314
20195831727003442
20195831727003570
20195832263872562
20195832263872690
20195832263872818
20195832263872946
20195832263873074
20195832263873202
20195832263873330
20195832263873458
20195832263873586
20195832263873714
20195832263873842
20195832263873970
20195832263874098
20195832263874226
20195832263874354
20195832263874482
23650496187732000
23650496187732128
23650496187732256
23650496187732384
23650496187732512
23650496187732640
23650496187732768
23650496187732896
23652695210987552
23652695210987680
23652695210987808
23652695210987936
23652695210988064
23652695210988192
23652695210988320
23652695210988448
23685680559820832
23685680559820960
23685680559821088
23685680559821216
23685680559821344
23685680559821472
23685680559821600
23685680559821728
23685680559821856
23685680559822112
23685680559822368
23685680559822624
23687879583076384
23687879583076512
23687879583076640
23687879583076768
23687879583076896
23687879583077024
23687879583077152
23687879583077280
23687879583077408
23687879583077536
23687879583077664
23687879583077792
23687879583077920
23687879583078048
23687879583078176
23687879583078304
23791233676087328
23791233676087456
23791233676087584
23791233676087712
23791233676087840
23791233676087968
23791233676088096
23791233676088224
23793432699342880
23793432699343008
23793432699343136
23793432699343264
23793432699343392
23793432699343520
23793432699343648
23793432699343776
23826418048176160
23826418048176288
23826418048176416
23826418048176544
23826418048176672
23826418048176800
23826418048176928
23826418048177056
23826418048177184
23826418048177440
23826418048177696
23826418048177952
23828617071431712
23828617071431840
23828617071431968
23828617071432096
23828617071432224
23828617071432352
23828617071432480
23828617071432608
23828617071432736
23828617071432864
23828617071432992
23828617071433120
23828617071433248
23828617071433376
23828617071433504
23828617071433632
24213446141153328
24213446141153456
24213446141153584
24213446141153712
24213446141153840
24213446141153968
24213446141154096
24213446141154224
24215645164408880
24215645164409008
24215645164409136
24215645164409264
24215645164409392
24215645164409520
24215645164409648
24215645164409776
24248630513242160
24248630513242288
24248630513242416
24248630513242544
24248630513242672
24248630513242800
24248630513242928
24248630513243056
24248630513243184
24248630513243440
24248630513243696
24248630513243952
24250829536497712
24250829536497840
24250829536497968
24250829536498096
24250829536498224
24250829536498352
24250829536498480
24250829536498608
24250829536498736
24250829536498864
24250829536498992
24250829536499120
24250829536499248
24250829536499376
24250829536499504
24250829536499632
24354183629508656
24354183629508784
24354183629508912
24354183629509040
24354183629509168
24354183629509296
24354183629509424
24354183629509552
24356382652764208
24356382652764336
24356382652764464
24356382652764592
24356382652764720
24356382652764848
24356382652764976
24356382652765104
24389368001597488
24389368001597616
24389368001597744
24389368001597872
24389368001598000
24389368001598128
24389368001598256
24389368001598384
24389368001598512
24389368001598768
24389368001599024
24389368001599280
24391567024853040
24391567024853168
24391567024853296
24391567024853424
24391567024853552
24391567024853680
24391567024853808
24391567024853936
24391567024854064
24391567024854192
24391567024854320
24391567024854448
24391567024854576
24391567024854704
24391567024854832
24391567024854960
27588946301554832
27588946301555088
27588946301555344
27588946301555600
27588946301555856
27588946301556112
27588946301556368
27588946301556624
27588946838425744
27588946838426000
27588946838426256
27588946838426512
27588946838426768
27588946838427024
27588946838427280
27588946838427536
27588947375296656
27588947375296912
27588947375297168
27588947375297424
27588947375297680
27588947375297936
27588947375298192
27588947375298448
27588947912167568
27588947912167824
27588947912168080
27588947912168336
27588947912168592
27588947912168848
27588947912169104
27588947912169360
27588948449036432
27588948449036688
27588948449036944
27588948449037200
27588948449037456
27588948449037712
27588948449037968
27588948449038224
27588948449038480
27588948449038736
27588948449038992
27588948449039248
27588948449039504
27588948449039760
27588948449040016
27588948449040272
27591145324810384
27591145324810640
27591145324810896
27591145324811152
27591145324811408
27591145324811664
27591145324811920
27591145324812176
27591145861681296
27591145861681552
27591145861681808
27591145861682064
27591145861682320
27591145861682576
27591145861682832
27591145861683088
27591146398552208
27591146398552464
27591146398552720
27591146398552976
27591146398553232
27591146398553488
27591146398553744
27591146398554000
27591146935423120
27591146935423376
27591146935423632
27591146935423888
27591146935424144
27591146935424400
27591146935424656
27591146935424912
27591147472291984
27591147472292240
27591147472292496
27591147472292752
27591147472293008
27591147472293264
27591147472293520
27591147472293776
27591147472294032
27591147472294288
27591147472294544
27591147472294800
27591147472295056
27591147472295312
27591147472295568
27591147472295824
27593344348065936
27593344348066192
27593344348066448
27593344348066704
27593344348066960
27593344348067216
27593344348067472
27593344348067728
27593344884936848
27593344884937104
27593344884937360
27593344884937616
27593344884937872
27593344884938128
27593344884938384
27593344884938640
27593345421807760
27593345421808016
27593345421808272
27593345421808528
27593345421808784
27593345421809040
27593345421809296
27593345421809552
27593345958678672
27593345958678928
27593345958679184
27593345958679440
27593345958679696
27593345958679952
27593345958680208
27593345958680464
27593346495547536
27593346495547792
27593346495548048
27593346495548304
27593346495548560
27593346495548816
27593346495549072
27593346495549328
27593346495549584
27593346495549840
27593346495550096
27593346495550352
27593346495550608
27593346495550864
27593346495551120
27593346495551376
27624130673643664
27624130673643920
27624130673644176
27624130673644432
27624130673644688
27624130673644944
27624130673645200
27624130673645456
27624131210514576
27624131210514832
27624131210515088
27624131210515344
27624131210515600
27624131210515856
27624131210516112
27624131210516368
27624131747385488
27624131747385744
27624131747386000
27624131747386256
27624131747386512
27624131747386768
27624131747387024
27624131747387280
27624132284256400
27624132284256656
27624132284256912
27624132284257168
27624132284257424
27624132284257680
27624132284257936
27624132284258192
27624132821125264
27624132821125520
27624132821125776
27624132821126032
27624132821126288
27624132821126544
27624132821126800
27624132821127056
27624132821127312
27624132821127568
27624132821127824
27624132821128080
27624132821128336
27624132821128592
27624132821128848
27624132821129104
27626329696899216
27626329696899472
27626329696899728
27626329696899984
27626329696900240
27626329696900496
27626329696900752
27626329696901008
27626330233770128
27626330233770384
27626330233770640
27626330233770896
27626330233771152
27626330233771408
27626330233771664
27626330233771920
27626330770641040
27626330770641296
27626330770641552
27626330770641808
27626330770642064
27626330770642320
27626330770642576
27626330770642832
27626331307511952
27626331307512208
27626331307512464
27626331307512720
27626331307512976
27626331307513232
27626331307513488
27626331307513744
27626331844380816
27626331844381072
27626331844381328
27626331844381584
27626331844381840
27626331844382096
27626331844382352
27626331844382608
27626331844382864
27626331844383120
27626331844383376
27626331844383632
27626331844383888
27626331844384144
27626331844384400
27626331844384656
27628528720154768
27628528720155024
27628528720155280
27628528720155536
27628528720155792
27628528720156048
27628528720156304
27628528720156560
27628529257025680
27628529257025936
27628529257026192
27628529257026448
27628529257026704
27628529257026960
27628529257027216
27628529257027472
27628529793896592
27628529793896848
27628529793897104
27628529793897360
27628529793897616
27628529793897872
27628529793898128
27628529793898384
27628530330767504
27628530330767760
27628530330768016
27628530330768272
27628530330768528
27628530330768784
27628530330769040
27628530330769296
27628530867636368
27628530867636624
27628530867636880
27628530867637136
27628530867637392
27628530867637648
27628530867637904
27628530867638160
27628530867638416
27628530867638672
27628530867638928
27628530867639184
27628530867639440
27628530867639696
27628530867639952
27628530867640208
27729683789910160
27729683789910416
27729683789910672
27729683789910928
27729683789911184
27729683789911440
27729683789911696
27729683789911952
27729684326781072
27729684326781328
27729684326781584
27729684326781840
27729684326782096
27729684326782352
27729684326782608
27729684326782864
27729684863651984
27729684863652240
27729684863652496
27729684863652752
27729684863653008
27729684863653264
27729684863653520
27729684863653776
27729685400522896
27729685400523152
27729685400523408
27729685400523664
27729685400523920
27729685400524176
27729685400524432
27729685400524688
27729685937391760
27729685937392016
27729685937392272
27729685937392528
27729685937392784
27729685937393040
27729685937393296
27729685937393552
27729685937393808
27729685937394064
27729685937394320
27729685937394576
27729685937394832
27729685937395088
27729685937395344
27729685937395600
27731882813165712
27731882813165968
27731882813166224
27731882813166480
27731882813166736
27731882813166992
27731882813167248
27731882813167504
27731883350036624
27731883350036880
27731883350037136
27731883350037392
27731883350037648
27731883350037904
27731883350038160
27731883350038416
27731883886907536
27731883886907792
27731883886908048
27731883886908304
27731883886908560
27731883886908816
27731883886909072
27731883886909328
27731884423778448
27731884423778704
27731884423778960
27731884423779216
27731884423779472
27731884423779728
27731884423779984
27731884423780240
27731884960647312
27731884960647568
27731884960647824
27731884960648080
27731884960648336
27731884960648592
27731884960648848
27731884960649104
27731884960649360
27731884960649616
27731884960649872
27731884960650128
27731884960650384
27731884960650640
27731884960650896
27731884960651152
27734081836421264
27734081836421520
27734081836421776
27734081836422032
27734081836422288
27734081836422544
27734081836422800
27734081836423056
27734082373292176
27734082373292432
27734082373292688
27734082373292944
27734082373293200
27734082373293456
27734082373293712
27734082373293968
27734082910163088
27734082910163344
27734082910163600
27734082910163856
27734082910164112
27734082910164368
27734082910164624
27734082910164880
27734083447034000
27734083447034256
27734083447034512
27734083447034768
27734083447035024
27734083447035280
27734083447035536
27734083447035792
27734083983902864
27734083983903120
27734083983903376
27734083983903632
27734083983903888
27734083983904144
27734083983904400
27734083983904656
27734083983904912
27734083983905168
27734083983905424
27734083983905680
27734083983905936
27734083983906192
27734083983906448
27734083983906704
27764868161998992
27764868161999248
27764868161999504
27764868161999760
27764868162000016
27764868162000272
27764868162000528
27764868162000784
27764868698869904
27764868698870160
27764868698870416
27764868698870672
27764868698870928
27764868698871184
27764868698871440
27764868698871696
27764869235740816
27764869235741072
27764869235741328
27764869235741584
27764869235741840
27764869235742096
27764869235742352
27764869235742608
27764869772611728
27764869772611984
27764869772612240
27764869772612496
27764869772612752
27764869772613008
27764869772613264
27764869772613520
27764870309480592
27764870309480848
27764870309481104
27764870309481360
27764870309481616
27764870309481872
27764870309482128
27764870309482384
27764870309482640
27764870309482896
27764870309483152
27764870309483408
27764870309483664
27764870309483920
27764870309484176
27764870309484432
27767067185254544
27767067185254800
27767067185255056
27767067185255312
27767067185255568
27767067185255824
27767067185256080
27767067185256336
27767067722125456
27767067722125712
27767067722125968
27767067722126224
27767067722126480
27767067722126736
27767067722126992
27767067722127248
27767068258996368
27767068258996624
27767068258996880
27767068258997136
27767068258997392
27767068258997648
27767068258997904
27767068258998160
27767068795867280
27767068795867536
27767068795867792
27767068795868048
27767068795868304
27767068795868560
27767068795868816
27767068795869072
27767069332736144
27767069332736400
27767069332736656
27767069332736912
27767069332737168
27767069332737424
27767069332737680
27767069332737936
27767069332738192
27767069332738448
27767069332738704
27767069332738960
27767069332739216
27767069332739472
27767069332739728
27767069332739984
27769266208510096
27769266208510352
27769266208510608
27769266208510864
27769266208511120
27769266208511376
27769266208511632
27769266208511888
27769266745381008
27769266745381264
27769266745381520
27769266745381776
27769266745382032
27769266745382288
27769266745382544
27769266745382800
27769267282251920
27769267282252176
27769267282252432
27769267282252688
27769267282252944
27769267282253200
27769267282253456
27769267282253712
27769267819122832
27769267819123088
27769267819123344
27769267819123600
27769267819123856
27769267819124112
27769267819124368
27769267819124624
27769268355991696
27769268355991952
27769268355992208
27769268355992464
27769268355992720
27769268355992976
27769268355993232
27769268355993488
27769268355993744
27769268355994000
27769268355994256
27769268355994512
27769268355994768
27769268355995024
27769268355995280
27769268355995536
28147499282207140
28147499282207652
28147499282208164
28147499282208676
28147499819078052
28147499819078564
28147499819079076
28147499819079588
28147500355948964
28147500355949476
28147500355949988
28147500355950500
28151896254976160
28151896254976416
28151896254976672
28151896254976928
28151896254977184
28151896254977440
28151896254977696
28151896254977952
28151896791847072
28151896791847328
28151896791847584
28151896791847840
28151896791848096
28151896791848352
28151896791848608
28151896791848864
28151897328717984
28151897328718240
28151897328718496
28151897328718752
28151897328719008
28151897328719264
28151897328719520
28151897328719776
28151897865588896
28151897865589152
28151897865589408
28151897865589664
28151897865589920
28151897865590176
28151897865590432
28151897865590688
28151898402459808
28151898402460064
28151898402460320
28151898402460576
28151898402460832
28151898402461088
28151898402461344
28151898402461600
28154095278231712
28154095278231968
28154095278232224
28154095278232480
28154095278232736
28154095278232992
28154095278233248
28154095278233504
28154095815102624
28154095815102880
28154095815103136
28154095815103392
28154095815103648
28154095815103904
28154095815104160
28154095815104416
28154096351973536
28154096351973792
28154096351974048
28154096351974304
28154096351974560
28154096351974816
28154096351975072
28154096351975328
28154096888844448
28154096888844704
28154096888844960
28154096888845216
28154096888845472
28154096888845728
28154096888845984
28154096888846240
28154097425715360
28154097425715616
28154097425715872
28154097425716128
28154097425716384
28154097425716640
28154097425716896
28154097425717152
28156294301487264
28156294301487520
28156294301487776
28156294301488032
28156294301488288
28156294301488544
28156294301488800
28156294301489056
28156294838358176
28156294838358432
28156294838358688
28156294838358944
28156294838359200
28156294838359456
28156294838359712
28156294838359968
28156295375229088
28156295375229344
28156295375229600
28156295375229856
28156295375230112
28156295375230368
28156295375230624
28156295375230880
28156295912100000
28156295912100256
28156295912100512
28156295912100768
28156295912101024
28156295912101280
28156295912101536
28156295912101792
28156296448970912
28156296448971168
28156296448971424
28156296448971680
28156296448971936
28156296448972192
28156296448972448
28156296448972704
28187080627064992
28187080627065248
28187080627065504
28187080627065760
28187080627066016
28187080627066272
28187080627066528
28187080627066784
28187081163935904
28187081163936160
28187081163936416
28187081163936672
28187081163936928
28187081163937184
28187081163937440
28187081163937696
28187081700806816
28187081700807072
28187081700807328
28187081700807584
28187081700807840
28187081700808096
28187081700808352
28187081700808608
28187082237677728
28187082237677984
28187082237678240
28187082237678496
28187082237678752
28187082237679008
28187082237679264
28187082237679520
28187082774548640
28187082774548896
28187082774549152
28187082774549408
28187082774549664
28187082774549920
28187082774550176
28187082774550432
28189279650320544
28189279650320800
28189279650321056
28189279650321312
28189279650321568
28189279650321824
28189279650322080
28189279650322336
28189280187191456
28189280187191712
28189280187191968
28189280187192224
28189280187192480
28189280187192736
28189280187192992
28189280187193248
28189280724062368
28189280724062624
28189280724062880
28189280724063136
28189280724063392
28189280724063648
28189280724063904
28189280724064160
28189281260933280
28189281260933536
28189281260933792
28189281260934048
28189281260934304
28189281260934560
28189281260934816
28189281260935072
28189281797804192
28189281797804448
28189281797804704
28189281797804960
28189281797805216
28189281797805472
28189281797805728
28189281797805984
28191478673576096
28191478673576352
28191478673576608
28191478673576864
28191478673577120
28191478673577376
28191478673577632
28191478673577888
28191479210447008
28191479210447264
28191479210447520
28191479210447776
28191479210448032
28191479210448288
28191479210448544
28191479210448800
28191479747317920
28191479747318176
28191479747318432
28191479747318688
28191479747318944
28191479747319200
28191479747319456
28191479747319712
28191480284188832
28191480284189088
28191480284189344
28191480284189600
28191480284189856
28191480284190112
28191480284190368
28191480284190624
28191480821059744
28191480821060000
28191480821060256
28191480821060512
28191480821060768
28191480821061024
28191480821061280
28191480821061536
28288236770562468
28288236770562980
28288236770563492
28288236770564004
28288237307433380
28288237307433892
28288237307434404
28288237307434916
28288237844304292
28288237844304804
28288237844305316
28288237844305828
28292633743331488
28292633743331744
28292633743332000
28292633743332256
28292633743332512
28292633743332768
28292633743333024
28292633743333280
28292634280202400
28292634280202656
28292634280202912
28292634280203168
28292634280203424
28292634280203680
28292634280203936
28292634280204192
28292634817073312
28292634817073568
28292634817073824
28292634817074080
28292634817074336
28292634817074592
28292634817074848
28292634817075104
28292635353944224
28292635353944480
28292635353944736
28292635353944992
28292635353945248
28292635353945504
28292635353945760
28292635353946016
28292635890815136
28292635890815392
28292635890815648
28292635890815904
28292635890816160
28292635890816416
28292635890816672
28292635890816928
28294832766587040
28294832766587296
28294832766587552
28294832766587808
28294832766588064
28294832766588320
28294832766588576
28294832766588832
28294833303457952
28294833303458208
28294833303458464
28294833303458720
28294833303458976
28294833303459232
28294833303459488
28294833303459744
28294833840328864
28294833840329120
28294833840329376
28294833840329632
28294833840329888
28294833840330144
28294833840330400
28294833840330656
28294834377199776
28294834377200032
28294834377200288
28294834377200544
28294834377200800
28294834377201056
28294834377201312
28294834377201568
28294834914070688
28294834914070944
28294834914071200
28294834914071456
28294834914071712
28294834914071968
28294834914072224
28294834914072480
28297031789842592
28297031789842848
28297031789843104
28297031789843360
28297031789843616
28297031789843872
28297031789844128
28297031789844384
28297032326713504
28297032326713760
28297032326714016
28297032326714272
28297032326714528
28297032326714784
28297032326715040
28297032326715296
28297032863584416
28297032863584672
28297032863584928
28297032863585184
28297032863585440
28297032863585696
28297032863585952
28297032863586208
28297033400455328
28297033400455584
28297033400455840
28297033400456096
28297033400456352
28297033400456608
28297033400456864
28297033400457120
28297033937326240
28297033937326496
28297033937326752
28297033937327008
28297033937327264
28297033937327520
28297033937327776
28297033937328032
28327818115420320
28327818115420576
28327818115420832
28327818115421088
28327818115421344
28327818115421600
28327818115421856
28327818115422112
28327818652291232
28327818652291488
28327818652291744
28327818652292000
28327818652292256
28327818652292512
28327818652292768
28327818652293024
28327819189162144
28327819189162400
28327819189162656
28327819189162912
28327819189163168
28327819189163424
28327819189163680
28327819189163936
28327819726033056
28327819726033312
28327819726033568
28327819726033824
28327819726034080
28327819726034336
28327819726034592
28327819726034848
28327820262903968
28327820262904224
28327820262904480
28327820262904736
28327820262904992
28327820262905248
28327820262905504
28327820262905760
28330017138675872
28330017138676128
28330017138676384
28330017138676640
28330017138676896
28330017138677152
28330017138677408
28330017138677664
28330017675546784
28330017675547040
28330017675547296
28330017675547552
28330017675547808
28330017675548064
28330017675548320
28330017675548576
28330018212417696
28330018212417952
28330018212418208
28330018212418464
28330018212418720
28330018212418976
28330018212419232
28330018212419488
28330018749288608
28330018749288864
28330018749289120
28330018749289376
28330018749289632
28330018749289888
28330018749290144
28330018749290400
28330019286159520
28330019286159776
28330019286160032
28330019286160288
28330019286160544
28330019286160800
28330019286161056
28330019286161312
28332216161931424
28332216161931680
28332216161931936
28332216161932192
28332216161932448
28332216161932704
28332216161932960
28332216161933216
28332216698802336
28332216698802592
28332216698802848
28332216698803104
28332216698803360
28332216698803616
28332216698803872
28332216698804128
28332217235673248
28332217235673504
28332217235673760
28332217235674016
28332217235674272
28332217235674528
28332217235674784
28332217235675040
28332217772544160
28332217772544416
28332217772544672
28332217772544928
28332217772545184
28332217772545440
28332217772545696
28332217772545952
28332218309415072
28332218309415328
28332218309415584
28332218309415840
28332218309416096
28332218309416352
28332218309416608
28332218309416864
28574109793783968
28574109793784224
28574109793784480
28574109793784736
28574109793784992
28574109793785248
28574109793785504
28574109793785760
28576308817039520
28576308817039776
28576308817040032
28576308817040288
28576308817040544
28576308817040800
28576308817041056
28576308817041312
28578507840295072
28578507840295328
28578507840295584
28578507840295840
28578507840296096
28578507840296352
28578507840296608
28578507840296864
28609294165872800
28609294165873056
28609294165873312
28609294165873568
28609294165873824
28609294165874080
28609294165874336
28609294165874592
28611493189128352
28611493189128608
28611493189128864
28611493189129120
28611493189129376
28611493189129632
28611493189129888
28611493189130144
28613692212383904
28613692212384160
28613692212384416
28613692212384672
28613692212384928
28613692212385184
28613692212385440
28613692212385696
28710449235628468
28710449235628980
28710449235629492
28710449235630004
28710449772499380
28710449772499892
28710449772500404
28710449772500916
28710450309370292
28710450309370804
28710450309371316
28710450309371828
28714846208397488
28714846208397744
28714846208398000
28714846208398256
28714846208398512
28714846208398768
28714846208399024
28714846208399280
28714846745268400
28714846745268656
28714846745268912
28714846745269168
28714846745269424
28714846745269680
28714846745269936
28714846745270192
28714847282139312
28714847282139568
28714847282139824
28714847282140080
28714847282140336
28714847282140592
28714847282140848
28714847282141104
28714847819010224
28714847819010480
28714847819010736
28714847819010992
28714847819011248
28714847819011504
28714847819011760
28714847819012016
28714848355881136
28714848355881392
28714848355881648
28714848355881904
28714848355882160
28714848355882416
28714848355882672
28714848355882928
28717045231653040
28717045231653296
28717045231653552
28717045231653808
28717045231654064
28717045231654320
28717045231654576
28717045231654832
28717045768523952
28717045768524208
28717045768524464
28717045768524720
28717045768524976
28717045768525232
28717045768525488
28717045768525744
28717046305394864
28717046305395120
28717046305395376
28717046305395632
28717046305395888
28717046305396144
28717046305396400
28717046305396656
28717046842265776
28717046842266032
28717046842266288
28717046842266544
28717046842266800
28717046842267056
28717046842267312
28717046842267568
28717047379136688
28717047379136944
28717047379137200
28717047379137456
28717047379137712
28717047379137968
28717047379138224
28717047379138480
28719244254908592
28719244254908848
28719244254909104
28719244254909360
28719244254909616
28719244254909872
28719244254910128
28719244254910384
28719244791779504
28719244791779760
28719244791780016
28719244791780272
28719244791780528
28719244791780784
28719244791781040
28719244791781296
28719245328650416
28719245328650672
28719245328650928
28719245328651184
28719245328651440
28719245328651696
28719245328651952
28719245328652208
28719245865521328
28719245865521584
28719245865521840
28719245865522096
28719245865522352
28719245865522608
28719245865522864
28719245865523120
28719246402392240
28719246402392496
28719246402392752
28719246402393008
28719246402393264
28719246402393520
28719246402393776
28719246402394032
28750030580486320
28750030580486576
28750030580486832
28750030580487088
28750030580487344
28750030580487600
28750030580487856
28750030580488112
28750031117357232
28750031117357488
28750031117357744
28750031117358000
28750031117358256
28750031117358512
28750031117358768
28750031117359024
28750031654228144
28750031654228400
28750031654228656
28750031654228912
28750031654229168
28750031654229424
28750031654229680
28750031654229936
28750032191099056
28750032191099312
28750032191099568
28750032191099824
28750032191100080
28750032191100336
28750032191100592
28750032191100848
28750032727969968
28750032727970224
28750032727970480
28750032727970736
28750032727970992
28750032727971248
28750032727971504
28750032727971760
28752229603741872
28752229603742128
28752229603742384
28752229603742640
28752229603742896
28752229603743152
28752229603743408
28752229603743664
28752230140612784
28752230140613040
28752230140613296
28752230140613552
28752230140613808
28752230140614064
28752230140614320
28752230140614576
28752230677483696
28752230677483952
28752230677484208
28752230677484464
28752230677484720
28752230677484976
28752230677485232
28752230677485488
28752231214354608
28752231214354864
28752231214355120
28752231214355376
28752231214355632
28752231214355888
28752231214356144
28752231214356400
28752231751225520
28752231751225776
28752231751226032
28752231751226288
28752231751226544
28752231751226800
28752231751227056
28752231751227312
28754428626997424
28754428626997680
28754428626997936
28754428626998192
28754428626998448
28754428626998704
28754428626998960
28754428626999216
28754429163868336
28754429163868592
28754429163868848
28754429163869104
28754429163869360
28754429163869616
28754429163869872
28754429163870128
28754429700739248
28754429700739504
28754429700739760
28754429700740016
28754429700740272
28754429700740528
28754429700740784
28754429700741040
28754430237610160
28754430237610416
28754430237610672
28754430237610928
28754430237611184
28754430237611440
28754430237611696
28754430237611952
28754430774481072
28754430774481328
28754430774481584
28754430774481840
28754430774482096
28754430774482352
28754430774482608
28754430774482864
28851186723983796
28851186723984308
28851186723984820
28851186723985332
28851187260854708
28851187260855220
28851187260855732
28851187260856244
28851187797725620
28851187797726132
28851187797726644
28851187797727156
28855583696752816
28855583696753072
28855583696753328
28855583696753584
28855583696753840
28855583696754096
28855583696754352
28855583696754608
28855584233623728
28855584233623984
28855584233624240
28855584233624496
28855584233624752
28855584233625008
28855584233625264
28855584233625520
28855584770494640
28855584770494896
28855584770495152
28855584770495408
28855584770495664
28855584770495920
28855584770496176
28855584770496432
28855585307365552
28855585307365808
28855585307366064
28855585307366320
28855585307366576
28855585307366832
28855585307367088
28855585307367344
28855585844236464
28855585844236720
28855585844236976
28855585844237232
28855585844237488
28855585844237744
28855585844238000
28855585844238256
28857782720008368
28857782720008624
28857782720008880
28857782720009136
28857782720009392
28857782720009648
28857782720009904
28857782720010160
28857783256879280
28857783256879536
28857783256879792
28857783256880048
28857783256880304
28857783256880560
28857783256880816
28857783256881072
28857783793750192
28857783793750448
28857783793750704
28857783793750960
28857783793751216
28857783793751472
28857783793751728
28857783793751984
28857784330621104
28857784330621360
28857784330621616
28857784330621872
28857784330622128
28857784330622384
28857784330622640
28857784330622896
28857784867492016
28857784867492272
28857784867492528
28857784867492784
28857784867493040
28857784867493296
28857784867493552
28857784867493808
28859981743263920
28859981743264176
28859981743264432
28859981743264688
28859981743264944
28859981743265200
28859981743265456
28859981743265712
28859982280134832
28859982280135088
28859982280135344
28859982280135600
28859982280135856
28859982280136112
28859982280136368
28859982280136624
28859982817005744
28859982817006000
28859982817006256
28859982817006512
28859982817006768
28859982817007024
28859982817007280
28859982817007536
28859983353876656
28859983353876912
28859983353877168
28859983353877424
28859983353877680
28859983353877936
28859983353878192
28859983353878448
28859983890747568
28859983890747824
28859983890748080
28859983890748336
28859983890748592
28859983890748848
28859983890749104
28859983890749360
28890768068841648
28890768068841904
28890768068842160
28890768068842416
28890768068842672
28890768068842928
28890768068843184
28890768068843440
28890768605712560
28890768605712816
28890768605713072
28890768605713328
28890768605713584
28890768605713840
28890768605714096
28890768605714352
28890769142583472
28890769142583728
28890769142583984
28890769142584240
28890769142584496
28890769142584752
28890769142585008
28890769142585264
28890769679454384
28890769679454640
28890769679454896
28890769679455152
28890769679455408
28890769679455664
28890769679455920
28890769679456176
28890770216325296
28890770216325552
28890770216325808
28890770216326064
28890770216326320
28890770216326576
28890770216326832
28890770216327088
28892967092097200
28892967092097456
28892967092097712
28892967092097968
28892967092098224
28892967092098480
28892967092098736
28892967092098992
28892967628968112
28892967628968368
28892967628968624
28892967628968880
28892967628969136
28892967628969392
28892967628969648
28892967628969904
28892968165839024
28892968165839280
28892968165839536
28892968165839792
28892968165840048
28892968165840304
28892968165840560
28892968165840816
28892968702709936
28892968702710192
28892968702710448
28892968702710704
28892968702710960
28892968702711216
28892968702711472
28892968702711728
28892969239580848
28892969239581104
28892969239581360
28892969239581616
28892969239581872
28892969239582128
28892969239582384
28892969239582640
28895166115352752
28895166115353008
28895166115353264
28895166115353520
28895166115353776
28895166115354032
28895166115354288
28895166115354544
28895166652223664
28895166652223920
28895166652224176
28895166652224432
28895166652224688
28895166652224944
28895166652225200
28895166652225456
28895167189094576
28895167189094832
28895167189095088
28895167189095344
28895167189095600
28895167189095856
28895167189096112
28895167189096368
28895167725965488
28895167725965744
28895167725966000
28895167725966256
28895167725966512
28895167725966768
28895167725967024
28895167725967280
28895168262836400
28895168262836656
28895168262836912
28895168262837168
28895168262837424
28895168262837680
28895168262837936
28895168262838192
29137059747205296
29137059747205552
29137059747205808
29137059747206064
29137059747206320
29137059747206576
29137059747206832
29137059747207088
29139258770460848
29139258770461104
29139258770461360
29139258770461616
29139258770461872
29139258770462128
29139258770462384
29139258770462640
29141457793716400
29141457793716656
29141457793716912
29141457793717168
29141457793717424
29141457793717680
29141457793717936
29141457793718192
29172244119294128
29172244119294384
29172244119294640
29172244119294896
29172244119295152
29172244119295408
29172244119295664
29172244119295920
29174443142549680
29174443142549936
29174443142550192
29174443142550448
29174443142550704
29174443142550960
29174443142551216
29174443142551472
29176642165805232
29176642165805488
29176642165805744
29176642165806000
29176642165806256
29176642165806512
29176642165806768
29176642165807024
32655496419217568
32655496419217824
32655496419218080
32655496419218336
32655496419218592
32655496419218848
32655496419219104
32655496419219360
32657695442473120
32657695442473376
32657695442473632
32657695442473888
32657695442474144
32657695442474400
32657695442474656
32657695442474912
32659894465728672
32659894465728928
32659894465729184
32659894465729440
32659894465729696
32659894465729952
32659894465730208
32659894465730464
32690680791306400
32690680791306656
32690680791306912
32690680791307168
32690680791307424
32690680791307680
32690680791307936
32690680791308192
32692879814561952
32692879814562208
32692879814562464
32692879814562720
32692879814562976
32692879814563232
32692879814563488
32692879814563744
32695078837817504
32695078837817760
32695078837818016
32695078837818272
32695078837818528
32695078837818784
32695078837819040
32695078837819296
32796233907572896
32796233907573152
32796233907573408
32796233907573664
32796233907573920
32796233907574176
32796233907574432
32796233907574688
32798432930828448
32798432930828704
32798432930828960
32798432930829216
32798432930829472
32798432930829728
32798432930829984
32798432930830240
32800631954084000
32800631954084256
32800631954084512
32800631954084768
32800631954085024
32800631954085280
32800631954085536
32800631954085792
32831418279661728
32831418279661984
32831418279662240
32831418279662496
32831418279662752
32831418279663008
32831418279663264
32831418279663520
32833617302917280
32833617302917536
32833617302917792
32833617302918048
32833617302918304
32833617302918560
32833617302918816
32833617302919072
32835816326172832
32835816326173088
32835816326173344
32835816326173600
32835816326173856
32835816326174112
32835816326174368
32835816326174624
33218446372638896
33218446372639152
33218446372639408
33218446372639664
33218446372639920
33218446372640176
33218446372640432
33218446372640688
33220645395894448
33220645395894704
33220645395894960
33220645395895216
33220645395895472
33220645395895728
33220645395895984
33220645395896240
33222844419150000
33222844419150256
33222844419150512
33222844419150768
33222844419151024
33222844419151280
33222844419151536
33222844419151792
33253630744727728
33253630744727984
33253630744728240
33253630744728496
33253630744728752
33253630744729008
33253630744729264
33253630744729520
33255829767983280
33255829767983536
33255829767983792
33255829767984048
33255829767984304
33255829767984560
33255829767984816
33255829767985072
33258028791238832
33258028791239088
33258028791239344
33258028791239600
33258028791239856
33258028791240112
33258028791240368
33258028791240624
33359183860994224
33359183860994480
33359183860994736
33359183860994992
33359183860995248
33359183860995504
33359183860995760
33359183860996016
33361382884249776
33361382884250032
33361382884250288
33361382884250544
33361382884250800
33361382884251056
33361382884251312
33361382884251568
33363581907505328
33363581907505584
33363581907505840
33363581907506096
33363581907506352
33363581907506608
33363581907506864
33363581907507120
33394368233083056
33394368233083312
33394368233083568
33394368233083824
33394368233084080
33394368233084336
33394368233084592
33394368233084848
33396567256338608
33396567256338864
33396567256339120
33396567256339376
33396567256339632
33396567256339888
33396567256340144
33396567256340400
33398766279594160
33398766279594416
33398766279594672
33398766279594928
33398766279595184
33398766279595440
33398766279595696
33398766279595952
